4272
2599
3349
4013
382
2670
4009
2141
1881
2136
1766
2284
6
4725
4935
17
1081
1770
1587
3062
3776
1267
947
132
1629
2503
540
3693
3088
1807
4408
4000
334
2698
3550
2863
44
4370
2347
2531
4059
2844
1649
2441
2037
2642
547
1732
2282
4296
2897
2532
2427
1937
2854
488
1858
2488
262
3658
4311
3516
706
2739
1606
1517
4260
4702
3870
4575
1470
66
664
1547
3339
1040
3169
4627
539
2912
4865
3640
3345
326
2560
648
4367
2488
1511
3368
1528
2510
2671
4581
771
1971
173
4380
2918
1876
3313
343
1454
3175
3726
3778
1001
2718
1339
306
353
3311
2024
4869
957
4512
932
3314
374
952
2373
4073
527
771
518
1264
74
2581
748
1573
1702
499
1093
811
2906
3634
572
3657
825
3108
815
3342
2579
1970
4118
1339
1179
2442
1628
3867
4282
3444
2173
1631
3226
165
1699
3473
4670
3291
3732
1965
3453
2076
1635
429
1294
4205
1582
358
623
4479
709
4247
4961
4
2515
2150
3344
1463
1843
3090
1160
306
2165
1244
1227
2116
143
4325
2071
1316
1242
621
3935
4123
2917
446
2581
769
3663
2016
1743
1670
1216
2935
2673
4467
4629
371
1774
3203
1636
1275
1681
1063
4190
1807
3244
4878
798
1233
4150
3190
2257
690
1413
2827
425
2968
1382
2378
4617
2395
4355
4387
1456
243
4321
968
4216
4003
4580
118
3036
591
3769
4020
3722
1618
3046
2460
3673
2590
4164
934
2342
2036
1701
1324
2642
3387
4260
2320
2844
358
1616
1374
377
4765
2425
4028
4540
1129
4106
4675
2126
4764
4502
1539
4289
3420
1498
399
4655
401
3411
102
1044
2767
1308
1804
4029
2451
3986
3919
1920
767
785
1578
3856
2898
796
4444
192
1544
2752
1342
1235
2821
1265
3382
4961
1059
924
3769
3364
1921
3581
2025
2215
23
2449
1089
418
2851
1940
1026
2983
3236
4014
553
546
4828
1714
533
2326
2649
1839
2764
1642
4204
4578
1262
2566
3974
3300
4554
3697
2028
4465
454
651
1846
31
2987
2429
1212
4921
371
3848
35
2568
4064
4104
1178
4936
1068
1562
2360
1049
2411
3873
202
3002
171
1841
3532
214
4258
4729
3366
547
2221
2088
1094
4616
202
3859
813
4164
3704
3938
160
116
4734
2983
3239
484
524
4205
735
1818
4742
3548
1007
4685
4658
596
365
4631
1864
2560
4157
1900
1715
3649
3676
94
3483
2779
4574
3215
2379
3575
1188
2148
3316
522
904
1463
4770
3294
170
3893
4854
1707
3961
3301
2699
4869
3730
1473
3455
4282
2851
3316
2266
2857
3796
2702
2572
3322
4295
2556
493
656
2269
1427
3360
1818
1383
3326
1460
3882
1739
517
3060
1047
2746
1747
342
4261
1085
706
185
4645
3439
307
1650
149
3985
4552
62
1468
4511
989
4286
2243
4799
4949
1501
3579
1586
740
1206
2491
4590
4572
2570
3142
1542
3153
2621
2642
4320
184
4945
3446
91
206
48
1181
4991
3795
1418
3948
270
4856
2762
92
1183
4292
2299
4741
3977
4164
3675
3134
246
2702
3509
4856
2579
1299
2720
55
2653
3174
4030
1425
2531
2582
73
2435
4629
1255
2793
1132
1050
588
1938
2740
511
71
4819
2960
4717
1419
1400
1055
4310
4218
2740
2035
2292
3982
1305
3588
3308
4074
3826
3186
4987
4192
2679
599
464
191
3753
3073
1564
3270
4821
4390
4811
2527
4902
1463
4358
1444
2742
2788
2290
3508
2335
3155
323
3709
710
4030
1898
4989
2460
2982
4525
4678
1560
2593
1807
3909
355
4787
1755
508
1600
4028
1615
1444
574
2377
4610
1186
3255
3571
3006
4458
55
1375
3376
158
1838
2313
3574
691
277
4619
3193
4682
7
1158
1245
4873
4561
93
1129
1794
2514
1622
2657
1899
4116
1556
523
4925
3496
473
2463
4615
3038
1042
1224
258
3608
1188
2459
3654
1611
2729
3217
545
3885
3982
4539
1625
4383
1397
3984
2615
3152
3056
298
3144
3488
4759
2980
3113
993
4933
2691
3003
2095
700
3175
663
2750
1139
4768
28
4584
2713
637
1125
4976
2666
2570
596
4839
94
815
4529
3085
4214
4351
2535
3927
1976
645
2336
1054
4852
3332
769
1236
3804
916
3790
860
4093
940
65
4892
3560
4669
1291
2678
3233
2066
3213
250
4056
3395
1731
312
4637
3238
1450
2588
4918
4850
1253
4533
628
3225
1470
1615
426
1030
1810
3866
900
4190
3985
3209
4437
2659
3973
2913
2844
267
248
2633
3820
41
4625
3724
3168
1589
4040
4457
1905
1639
2445
1583
3327
3997
3728
1888
1737
363
3667
4687
1447
2641
653
3805
4429
1488
3921
2530
961
1468
4564
4929
2727
2198
1973
2218
3076
3029
3669
591
742
761
1970
4539
3270
3809
4185
2788
1836
4228
1217
3293
2622
4210
663
477
510
1776
1648
1361
1901
942
1889
1997
629
552
71
3218
654
1370
2220
2334
4456
1562
1378
4281
870
3014
2417
4509
462
1035
761
397
4236
2568
3930
3102
3126
231
2236
1832
2798
2075
3982
4360
1811
928
1732
914
632
5
4902
1103
480
617
3935
1615
1288
3009
2077
1290
4145
4872
1556
2879
4600
607
1762
4755
4156
1324
3455
2973
3493
3206
2354
2992
639
3149
3358
1874
3906
596
3441
562
4425
3058
1333
3797
2205
286
746
3145
4826
3917
2707
1493
3786
3713
4848
811
820
3051
2400
704
2539
2624
3791
459
705
4774
760
3797
1668
3193
4063
1423
4907
73
1212
2281
227
904
2893
1686
3378
3051
635
1137
1036
4879
4866
1976
1491
1382
1103
1643
4171
3487
340
1439
915
3175
825
3819
4657
3913
2507
723
1680
3942
3105
395
208
4140
1633
4691
2781
1505
3502
415
660
1827
3710
441
2186
309
3627
2957
3533
4896
532
3080
3372
877
1666
4806
