1001

1007

102

1026

1030

1035

1036

1040

1042

1044

1047

1049

1050

1054

1055

1059

1063

1068

1081

1085

1089

1093

1094

1103

1103

1125

1129

1129

1132

1137

1139

1158

116

1160

1178

1179

118

1181

1183

1186

1188

1188

1206

1212

1212

1216

1217

1224

1227

1233

1235

1236

1242

1244

1245

1253

1255

1262

1264

1265

1267

1275

1288

1290

1291

1294

1299

1305

1308

1316

132

1324

1324

1333

1339

1339

1342

1361

1370

1374

1375

1378

1382

1382

1383

1397

1400

1413

1418

1419

1423

1425

1427

143

1439

1444

1444

1447

1450

1454

1456

1460

1463

1463

1463

1468

1468

1470

1470

1473

1488

149

1491

1493

1498

1501

1505

1511

1517

1528

1539

1542

1544

1547

1556

1556

1560

1562

1562

1564

1573

1578

158

1582

1583

1586

1587

1589

160

1600

1606

1611

1615

1615

1615

1616

1618

1622

1625

1628

1629

1631

1633

1635

1636

1639

1642

1643

1648

1649

165

1650

1666

1668

1670

1680

1681

1686

1699

17

170

1701

1702

1707

171

1714

1715

173

1731

1732

1732

1737

1739

1743

1747

1755

1762

1766

1770

1774

1776

1794

1804

1807

1807

1807

1810

1811

1818

1818

1827

1832

1836

1838

1839

184

1841

1843

1846

185

1858

1864

1874

1876

1881

1888

1889

1898

1899

1900

1901

1905

191

192

1920

1921

1937

1938

1940

1965

1970

1970

1971

1973

1976

1976

1997

2016

202

202

2024

2025

2028

2035

2036

2037

206

2066

2071

2075

2076

2077

208

2088

2095

2116

2126

2136

214

2141

2148

2150

2165

2173

2186

2198

2205

2215

2218

2220

2221

2236

2243

2257

2266

2269

227

2281

2282

2284

2290

2292

2299

23

231

2313

2320

2326

2334

2335

2336

2342

2347

2354

2360

2373

2377

2378

2379

2395

2400

2411

2417

2425

2427

2429

243

2435

2441

2442

2445

2449

2451

2459

246

2460

2460

2463

248

2488

2488

2491

250

2503

2507

2510

2514

2515

2527

2530

2531

2531

2532

2535

2539

2556

2560

2560

2566

2568

2568

2570

2570

2572

2579

2579

258

2581

2581

2582

2588

2590

2593

2599

2615

262

2621

2622

2624

2633

2641

2642

2642

2642

2649

2653

2657

2659

2666

267

2670

2671

2673

2678

2679

2691

2698

2699

270

2702

2702

2707

2713

2718

2720

2727

2729

2739

2740

2740

2742

2746

2750

2752

2762

2764

2767

277

2779

2781

2788

2788

2793

2798

28

2821

2827

2844

2844

2844

2851

2851

2854

2857

286

2863

2879

2893

2897

2898

2906

2912

2913

2917

2918

2935

2957

2960

2968

2973

298

2980

2982

2983

2983

2987

2992

3002

3003

3006

3009

3014

3029

3036

3038

3046

3051

3051

3056

3058

306

306

3060

3062

307

3073

3076

3080

3085

3088

309

3090

31

3102

3105

3108

3113

312

3126

3134

3142

3144

3145

3149

3152

3153

3155

3168

3169

3174

3175

3175

3175

3186

3190

3193

3193

3203

3206

3209

3213

3215

3217

3218

3225

3226

323

3233

3236

3238

3239

3244

3255

326

3270

3270

3291

3293

3294

3300

3301

3308

3311

3313

3314

3316

3316

3322

3326

3327

3332

3339

334

3342

3344

3345

3349

3358

3360

3364

3366

3368

3372

3376

3378

3382

3387

3395

340

3411

342

3420

343

3439

3441

3444

3446

3453

3455

3455

3473

3483

3487

3488

3493

3496

35

3502

3508

3509

3516

353

3532

3533

3548

355

3550

3560

3571

3574

3575

3579

358

358

3581

3588

3608

3627

363

3634

3640

3649

365

3654

3657

3658

3663

3667

3669

3673

3675

3676

3693

3697

3704

3709

371

371

3710

3713

3722

3724

3726

3728

3730

3732

374

3753

3769

3769

377

3776

3778

3786

3790

3791

3795

3796

3797

3797

3804

3805

3809

3819

382

3820

3826

3848

3856

3859

3866

3867

3870

3873

3882

3885

3893

3906

3909

3913

3917

3919

3921

3927

3930

3935

3935

3938

3942

3948

395

3961

397

3973

3974

3977

3982

3982

3982

3984

3985

3985

3986

399

3997

4

4000

4003

4009

401

4013

4014

4020

4028

4028

4029

4030

4030

4040

4056

4059

4063

4064

4073

4074

4093

41

4104

4106

4116

4118

4123

4140

4145

415

4150

4156

4157

4164

4164

4164

4171

418

4185

4190

4190

4192

4204

4205

4205

4210

4214

4216

4218

4228

4236

4247

425

4258

426

4260

4260

4261

4272

4281

4282

4282

4286

4289

429

4292

4295

4296

4310

4311

4320

4321

4325

4351

4355

4358

4360

4367

4370

4380

4383

4387

4390

44

4408

441

4425

4429

4437

4444

4456

4457

4458

446

4465

4467

4479

4502

4509

4511

4512

4525

4529

4533

4539

4539

454

4540

4552

4554

4561

4564

4572

4574

4575

4578

4580

4581

4584

459

4590

4600

4610

4615

4616

4617

4619

462

4625

4627

4629

4629

4631

4637

464

4645

4655

4657

4658

4669

4670

4675

4678

4682

4685

4687

4691

4702

4717

4725

4729

473

4734

4741

4742

4755

4759

4764

4765

4768

477

4770

4774

4787

4799

48

480

4806

4811

4819

4821

4826

4828

4839

484

4848

4850

4852

4854

4856

4856

4865

4866

4869

4869

4872

4873

4878

4879

488

4892

4896

4902

4902

4907

4918

4921

4925

4929

493

4933

4935

4936

4945

4949

4961

4961

4976

4987

4989

499

4991

5

508

510

511

517

518

522

523

524

527

532

533

539

540

545

546

547

547

55

55

552

553

562

572

574

588

591

591

596

596

596

599

6

607

617

62

621

623

628

629

632

635

637

639

645

648

65

651

653

654

656

66

660

663

663

664

690

691

7

700

704

705

706

706

709

71

71

710

723

73

73

735

74

740

742

746

748

760

761

761

767

769

769

771

771

785

796

798

811

811

813

815

815

820

825

825

860

870

877

900

904

904

91

914

915

916

92

924

928

93

932

934

94

94

940

942

947

952

957

961

968

989

993

